201	0.087846
202	0.404622
203	0.069082
204	0.408208
205	0.086425
206	0.444475
207	0.126203
208	0.159862
209	0.138990
210	0.128620
211	0.114504
212	0.093797
213	0.112232
214	0.547598
215	0.126175
216	0.146059
217	0.145789
218	0.169945
219	0.146922
220	0.155674
221	0.160278
222	0.198375
223	0.138569
224	0.143085
225	0.347562
226	0.133899
227	0.142028
228	0.153871
229	0.115317
230	0.122287
231	0.102293
232	0.133362
233	0.095128
234	0.102737
235	0.168334
236	0.134390
237	0.104338
238	0.136986
241	0.128742
242	0.140628
243	0.179688
244	0.174376
245	0.119228
246	0.127682
247	0.353151
248	0.157258
249	0.221948
250	0.170256
251	0.156538
252	0.171774
253	0.202222
254	0.161315
255	0.273203
256	0.208839
257	0.183786
258	0.915958
259	0.542034
260	0.540936
261	0.492028
262	0.280520
263	0.411909
264	0.962002
265	0.834060
266	0.554912
267	0.479789
268	0.660167
269	0.607868
270	0.927137
271	0.782638
309	0.003094
310	0.028105
311	0.033541
312	0.033481
313	0.030591
314	0.024856
315	0.022606
316	0.028867
317	0.048547
318	0.026516
319	0.019777
320	0.035476
323	0.016568
324	0.012676
325	0.010466
326	0.012887
327	0.018317
328	0.057851
329	0.023765
330	0.035746
331	0.031345
332	0.021890
334	0.018722
335	0.010264
337	0.035059
339	0.031815
340	0.023625
341	0.031695
342	0.010442
343	0.033102
348	0.025811
349	0.028635
350	0.019804
351	0.039329
352	0.021485
353	0.018797
354	0.022630
355	0.011647
356	0.023915
357	0.075913
358	0.095574
359	0.117614
360	0.067417
361	0.088645
362	0.091079
363	0.077500
364	0.076828
365	0.070167
366	0.077270
367	0.072588
368	0.110814
369	0.085670
371	0.097436
372	0.099546
373	0.091051
374	0.093279
375	0.093259
376	0.091183
377	0.336350
378	0.381915
379	0.249688
380	0.194706
381	0.081749
382	0.172822
383	0.397479
384	0.158780
385	0.182733
386	0.164832
387	0.110697
388	0.168043
389	0.180660
390	0.194931
392	0.578481
403	0.737864
404	0.847790
405	0.580270
406	0.617374
407	0.585352
408	0.630345
409	0.985627
410	0.659726
411	0.622756
412	0.886879
413	0.595661
414	0.947296
415	0.725185
416	0.613588
417	0.669225
418	0.706655
419	0.578985
420	0.618660
421	0.531665
422	0.559999
423	0.484607
424	0.478554
425	0.564229
426	0.502981
427	0.427559
428	0.443784
429	0.477636
430	0.490378
431	0.459874
432	0.547035
433	0.498713
434	0.319510
435	0.092289
436	0.119452
437	0.014733
439	0.019664
468	0.037479
469	0.015175
470	0.017257
471	0.025974
472	0.025382
474	0.013670
509	0.035300
510	0.034359
511	0.069305
512	0.059582
514	0.116471
515	0.137503
516	0.113036
517	0.105300
518	0.112486
519	0.107939
520	0.130921
521	0.125662
522	0.094190
523	0.104398
524	0.105224
526	0.114123
527	0.092855
528	0.103701
529	0.112567
530	0.110263
531	0.184837
532	0.213455
533	0.250298
534	0.252316
535	0.393066
536	0.232601
537	0.241300
538	0.133076
540	0.389529
541	0.404090
542	0.376424
543	0.366463
545	0.237047
546	0.544895
547	0.406730
548	0.763076
549	0.752125
550	0.371397
551	0.471122
552	0.909111
553	0.749065
555	0.942191
556	0.931656
557	0.621413
558	0.610972
559	0.927756
560	0.524192
561	0.489777
562	0.905364
563	0.597667
564	0.508657
565	0.948542
566	0.842407
567	0.892415
568	0.976608
569	0.847341
571	0.913831
572	0.951984
573	0.967407
574	0.969993
577	0.879218
578	0.635395
579	0.921777
580	0.962821
582	0.754646
585	0.945153
586	0.972654
588	0.793916
589	0.980645
591	0.401163
592	0.864168
593	0.608898
594	0.874356
595	0.915984
596	0.911487
597	0.875530
600	0.587437
601	0.234200
603	0.223138
604	0.207494
605	0.184483
606	0.183560
607	0.116838
608	0.130667
714	0.014114
716	0.027209
717	0.033571
719	0.026412
720	0.029911
721	0.023405
723	0.024634
726	0.060053
729	0.091593
730	0.066612
731	0.037759
732	0.031618
733	0.045220
734	0.022281
735	0.039381
737	0.043543
738	0.040573
739	0.032755
749	0.122002
750	0.116361
751	0.179128
752	0.126507
753	0.158153
754	0.038227
755	0.121713
756	0.146211
757	0.084937
758	0.099822
759	0.102396
760	0.124051
761	0.144366
762	0.054494
763	0.199263
764	0.189961
765	0.248016
766	0.033306
767	0.000010
768	0.109677
769	0.101904
770	0.110731
771	0.139219
772	0.165796
773	0.161263
774	0.142299
776	0.076312
777	0.000010
778	0.000010
779	0.393855
780	0.429110
781	0.429645
782	0.282020
783	0.162569
784	0.133383
786	0.182555
787	0.154400
788	0.210782
789	0.181711
790	0.188505
791	0.220714
792	0.188494
793	0.180065
794	0.182597
798	0.502873
799	0.501662
800	0.503385
801	0.442725
802	0.464389
803	0.485578
804	0.400270
805	0.272184
806	0.205224
807	0.167879
808	0.215860
809	0.387271
810	0.342564
811	0.561365
812	0.385549
813	0.489079
814	0.421341
815	0.491808
816	0.429711
817	0.316172
818	0.260342
819	0.281338
820	0.370663
821	0.549328
822	0.217157
823	0.465478
824	0.546935
825	0.476572
826	0.519052
827	0.514677
828	0.600187
829	0.560291
830	0.614226
831	0.955052
832	0.876987
833	0.987137
834	0.974446
835	0.868240
836	0.571576
837	0.577376
838	0.511447
839	0.563538
840	0.458016
841	0.291208
842	0.227296
843	0.163333
844	0.175329
845	0.175688
846	0.188812
847	0.253660
848	0.420267
849	0.508017
850	0.459161
851	0.474254
852	0.421272
853	0.482088
854	0.423133
855	0.421194
856	0.463177
857	0.976378
858	0.497385
859	0.556615
860	0.947404
861	0.897471
874	0.975086
930	0.963229
930.1	0.962660
934	0.962050
935	0.951629
936	0.496915
937	0.901442
937.1	0.901878
938	0.806272
939	0.907492
940	0.384334
941	0.915262
942	0.758284
945	0.482307
948	0.872834
950	0.919158
CLK-10	0.981772
CLK-4	0.984185
CLK-6	0.987265
CLK-8	0.976982
EDM-10	0.969445
EDM-11	0.970575
EDM-12	0.963366
EDM-13	0.981598
EDM-14	0.977444
EDM-15	0.981148
EDM-3	0.961719
EDM-8	0.981603
FTM-10	0.988632
FTM-12	0.983120
FTM-13	0.985300
FTM-2	0.984432
FTM-4	0.972506
GPR-10	0.882591
GPR-12	0.845601
GPR-14	0.358249
GPR-15	0.876967
GPR-1	0.708987
GPR-4	0.884220
GPR-5	0.894276
GPR-7	0.885112
LAR-13	0.540168
MEL-11	0.574705
MEL-7	0.576724
MEL-9	0.604986
MHCE03	0.443127
MHCE07	0.867003
WOL-1	0.959675
