214
258
259
260
264
265
266
268
269
270
271
392
401
402
403
404
405
406
407
408
409
410
411
412
413
414
415
416
417
418
419
420
421
422
425
426
432
546
548
549
552
553
555
556
557
558
559
560
562
563
564
565
566
567
568
569
571
572
573
574
577
578
579
580
582
585
586
588
589
592
593
594
595
596
597
600
795
796
797
798
799
800
811
821
824
826
827
828
829
830
831
832
833
834
835
836
837
838
839
849
857
859
860
861
862
863
864
865
866
867
868
869
870
871
872
873
874
875
876
877
878
879
880
930
930.1
934
935
937
937.1
938
939
941
942
948
950
CLK-10
CLK-13
CLK-4
CLK-5
CLK-6
CLK-8
EDM-10
EDM-11
EDM-12
EDM-13
EDM-14
EDM-15
EDM-3
EDM-8
FTM-10
FTM-12
FTM-13
FTM-14
FTM-15
FTM-1
FTM-2
FTM-4
GPR-10
GPR-12
GPR-15
GPR-1
GPR-4
GPR-5
GPR-7
LAR-10
LAR-12
LAR-13
LAR-14
LAR-3
LAR-6
LAR-7
MEL-11
MEL-12
MEL-13
MEL-15
MEL-2
MEL-6
MEL-7
MEL-9
MHCE07
WOL-10
WOL-15
WOL-1
WOL-2
WOL-4
WOL-5
WOL-7
WOL-9
