201
202
203
204
205
206
207
208
209
210
211
212
213
215
216
217
218
219
220
221
222
223
224
225
226
227
228
229
230
231
232
233
234
235
236
237
238
240
241
242
243
244
245
246
247
248
249
250
251
252
253
254
255
256
257
261
262
263
267
301
302
303
304
305
306
307
308
309
310
311
312
313
314
315
316
317
318
319
320
322
323
324
325
326
327
328
329
330
331
332
333
334
335
336
337
339
340
341
342
343
344
345
346
347
348
349
350
351
352
353
354
355
356
357
358
359
360
361
362
363
364
365
366
367
368
369
371
372
373
374
375
376
377
378
379
380
381
382
383
384
385
386
387
388
389
390
393
397
398
423
424
427
428
429
430
431
433
434
435
436
437
438
439
440
441
442
443
444
445
446
447
448
450
451
452
453
454
455
456
457
458
459
460
461
462
463
464
465
467
468
469
470
471
472
474
475
476
477
478
479
501
502
503
504
505
506
507
508
509
510
511
512
514
515
516
517
518
519
520
521
522
523
524
526
527
528
529
530
531
532
533
534
535
536
537
538
540
541
542
543
545
547
550
551
561
591
601
603
604
605
606
607
608
702
703
704
705
706
707
708
709
710
711
712
713
714
715
716
717
718
719
720
721
722
723
724
725
726
729
730
731
732
733
734
735
736
737
738
739
740
741
742
743
745
746
747
749
750
751
752
753
754
755
756
757
758
759
760
761
762
763
764
765
766
767
768
769
770
771
772
773
774
775
776
777
778
779
780
781
782
783
784
785
786
787
788
789
790
791
792
793
794
801
802
803
804
805
806
807
808
809
810
812
813
814
815
816
817
818
819
820
822
823
825
840
841
842
843
844
845
846
847
848
850
851
852
853
854
855
856
858
936
940
945
947
GPR-14
MHCE01
MHCE03
