ID	Transect	Latitude	Longitude	Elevation
201	Chilcotin	51.647358	-124.39305	827
202	Chilcotin	51.64812	-124.393608	827
203	Chilcotin	51.646388	-124.392691	827
204	Chilcotin	51.8997231	-124.422775	1065
205	Chilcotin	51.900276	-124.4197235	1050
206	Chilcotin	51.8986129	-124.4247207	1063
207	Chilcotin	52.13249	-123.6889	844
208	Chilcotin	52.126918	-123.686547	831
209	Chilcotin	52.126899	-123.686062	831
210	Chilcotin	52.10229	-123.41047	743
211	Chilcotin	52.103065	-123.412306	743
212	Chilcotin	51.92003	-123.08124	618
213	Chilcotin	51.92067	-123.082065	618
214	Chilcotin	51.973827	-122.317946	804
215	Chilcotin	51.967207	-122.298293	703
216	Chilcotin	51.988208	-122.277499	383
217	Chilcotin	51.988969	-122.277313	381
218	Chilcotin	51.989515	-122.277328	381
219	Chilcotin	52.122454	-122.120401	573
220	Chilcotin	52.123087	-122.120384	572
221	Chilcotin	52.120033	-122.119529	573
222	Chilcotin	52.332634	-122.264354	632
223	Chilcotin	52.332382	-122.263738	635
224	Chilcotin	52.62658	-122.448093	574
225	Chilcotin	52.62395	-122.4521	548
226	Chilcotin	52.985896	-122.478257	487
227	Chilcotin	52.986517	-122.479024	485
228	Chilcotin	52.985597	-122.476766	492
229	Chilcotin	53.098524	-122.35892	714
230	Chilcotin	53.098588	-122.358095	721
231	Chilcotin	53.097931	-122.359298	718
232	Chilcotin	53.283418	-122.492651	677
233	Chilcotin	53.283906	-122.492829	677
234	Chilcotin	53.284727	-122.492936	677
235	Chilcotin	53.495147	-122.641074	714
236	Chilcotin	53.4944436	-122.639722	723
237	Chilcotin	53.794186	-122.71525	603
238	Chilcotin	53.79468	-122.71569	604
240	Chilcotin	53.967359	-122.767788	667
241	Chilcotin	53.965253	-122.768184	661
242	Chilcotin	54.095228	-122.681747	614
243	Chilcotin	54.097557	-122.668413	607
244	Chilcotin	54.316435	-122.635063	722
245	Chilcotin	54.317283	-122.633842	726
246	Chilcotin	54.317153	-122.635141	722
247	Chilcotin	55.150626	-122.984969	742
248	Chilcotin	55.149885	-122.984412	741
249	Chilcotin	55.152056	-122.986616	745
250	Chilcotin	55.223114	-122.719142	746
251	Chilcotin	55.223518	-122.720322	748
252	Chilcotin	55.222726	-122.724174	746
253	Chilcotin	55.451016	-122.743388	813
254	Chilcotin	55.451168	-122.744038	813
255	Chilcotin	55.452429	-122.745146	817
256	Chilcotin	55.607922	-122.304014	639
257	Chilcotin	55.608635	-122.303403	639
258	Chilcotin	55.617417	-121.834583	598
259	Chilcotin	55.617412	-121.836515	597
260	Chilcotin	55.61789	-121.831345	605
261	Chilcotin	55.712402	-121.375945	729
262	Chilcotin	55.712098	-121.377416	728
263	Chilcotin	55.711866	-121.378583	724
264	Chilcotin	55.781676	-120.936242	731
265	Chilcotin	55.782133	-120.936963	733
266	Chilcotin	55.752794	-120.120894	645
267	Chilcotin	55.750775	-120.100201	636
268	Chilcotin	55.750911	-120.101609	636
269	Chilcotin	55.763839	-120.460967	807
270	Chilcotin	55.761761	-120.465696	802
271	Chilcotin	55.762637	-120.483603	802
301	Crowsnest	49.098348	-121.969905	NA
302	Crowsnest	49.098635	-121.966329	NA
303	Crowsnest	49.356089	-121.578744	NA
304	Crowsnest	49.356685	-121.577499	NA
305	Crowsnest	49.213417	-121.079982	NA
306	Crowsnest	49.221605	-121.036934	NA
307	Crowsnest	49.111034	-120.846366	NA
308	Crowsnest	49.111653	-120.84402	NA
309	Crowsnest	49.237812	-120.563031	NA
310	Crowsnest	49.298773	-120.587479	NA
311	Crowsnest	49.454762	-120.375224	NA
312	Crowsnest	49.450313	-120.329131	NA
313	Crowsnest	49.256169	-120.014431	NA
314	Crowsnest	49.256651	-120.015103	NA
315	Crowsnest	49.082201	-119.596931	NA
316	Crowsnest	49.013049	-119.397645	NA
317	Crowsnest	49.056415	-118.999945	NA
318	Crowsnest	49.055702	-119.000877	NA
319	Crowsnest	49.009213	-118.753899	NA
320	Crowsnest	49.009468	-118.753406	NA
322	Crowsnest	49.154269	-118.546277	NA
323	Crowsnest	49.014102	-118.343899	NA
324	Crowsnest	49.014263	-118.344921	NA
325	Crowsnest	49.125761	-118.209082	NA
326	Crowsnest	49.125526	-118.208974	NA
327	Crowsnest	49.22332	-118.087003	NA
328	Crowsnest	49.243294	-118.052691	NA
329	Crowsnest	49.248267	-117.960443	NA
330	Crowsnest	49.247428	-117.961641	NA
331	Crowsnest	49.23632	-117.629425	NA
332	Crowsnest	49.243405	-117.612759	NA
333	Crowsnest	49.187165	-117.368733	NA
334	Crowsnest	49.19239	-117.283603	NA
335	Crowsnest	49.192214	-117.284142	NA
336	Crowsnest	49.027243	-117.150149	NA
337	Crowsnest	49.027637	-117.150116	NA
339	Crowsnest	49.096092	-116.999104	NA
340	Crowsnest	49.109904	-116.859429	NA
341	Crowsnest	49.109699	-116.860075	NA
342	Crowsnest	49.117229	-116.531242	NA
343	Crowsnest	49.118061	-116.538988	NA
344	Crowsnest	49.128321	-116.450191	NA
345	Crowsnest	49.122642	-116.445167	NA
346	Crowsnest	49.156976	-116.339758	NA
347	Crowsnest	49.143084	-116.22553	NA
348	Crowsnest	49.116775	-116.180762	NA
349	Crowsnest	49.109613	-116.170196	NA
350	Crowsnest	49.079477	-116.117863	NA
351	Crowsnest	49.079795	-116.116928	NA
352	Crowsnest	49.20616	-115.979293	NA
353	Crowsnest	49.206225	-115.978614	NA
354	Crowsnest	49.33033	-115.823143	NA
355	Crowsnest	49.38085	-115.850146	NA
356	Crowsnest	49.381625	-115.850358	NA
357	Crowsnest	49.417379	-115.421751	NA
358	Crowsnest	49.43094	-115.417003	NA
359	Crowsnest	49.430755	-115.417012	NA
360	Crowsnest	49.360297	-115.299146	NA
361	Crowsnest	49.350484	-115.29651	NA
362	Crowsnest	49.344335	-115.195504	NA
363	Crowsnest	49.29936	-115.112982	NA
364	Crowsnest	49.29594	-115.107656	NA
365	Crowsnest	49.312961	-115.070693	NA
366	Crowsnest	49.392135	-115.016124	NA
367	Crowsnest	49.464178	-115.073157	NA
368	Crowsnest	49.525294	-115.053771	NA
369	Crowsnest	49.566607	-114.993255	NA
371	Crowsnest	49.645672	-114.912077	NA
372	Crowsnest	49.712037	-114.89543	NA
373	Crowsnest	49.729817	-114.853913	NA
374	Crowsnest	49.700658	-114.827499	NA
375	Crowsnest	49.673044	-114.783854	NA
376	Crowsnest	49.672727	-114.784163	NA
377	Crowsnest	49.649414	-114.71167	NA
378	Crowsnest	49.624539	-114.654521	NA
379	Crowsnest	49.631775	-114.586446	NA
380	Crowsnest	49.631144	-114.498086	NA
381	Crowsnest	49.634062	-114.49098	NA
382	Crowsnest	49.600274	-114.402196	NA
383	Crowsnest	49.557346	-114.324046	NA
384	Crowsnest	49.584439	-114.204399	NA
385	Crowsnest	49.486055	-113.947131	NA
386	Crowsnest	49.521407	-114.033025	NA
387	Crowsnest	49.521146	-114.032889	NA
388	Crowsnest	49.557683	-113.86539	NA
389	Crowsnest	49.556643	-113.821787	NA
390	Crowsnest	49.718467	-113.450965	NA
392	Crowsnest	49.732901	-113.398265	NA
393	Crowsnest	49.79161	-113.122045	NA
397	Crowsnest	49.685887	-112.855225	NA
398	Crowsnest	49.854702	-112.854702	NA
401	Cassiar	60.703575	-135.053658	NA
402	Cassiar	60.703317	-135.051822	NA
403	Cassiar	60.231834	-132.911291	NA
404	Cassiar	60.231438	-132.909484	NA
405	Cassiar	60.0516	-128.909711	NA
406	Cassiar	60.051473	-128.908515	NA
407	Cassiar	59.950227	-129.089842	NA
408	Cassiar	59.949849	-129.089705	NA
409	Cassiar	59.865222	-129.15297	NA
410	Cassiar	59.864848	-129.153679	NA
411	Cassiar	59.670695	-129.161659	NA
412	Cassiar	59.671541	-129.161364	NA
413	Cassiar	59.448505	-129.218965	NA
414	Cassiar	59.449025	-129.218398	NA
415	Cassiar	59.329465	-129.22573	NA
416	Cassiar	59.328977	-129.223796	NA
417	Cassiar	59.258517	-129.617037	NA
418	Cassiar	59.258467	-129.618218	NA
419	Cassiar	59.126286	-129.824136	NA
420	Cassiar	59.127502	-129.822974	NA
421	Cassiar	59.002718	-129.795198	NA
422	Cassiar	59.002373	-129.793453	NA
423	Cassiar	58.875079	-130.039692	NA
424	Cassiar	58.873971	-130.041396	NA
425	Cassiar	58.681735	-130.04832	NA
426	Cassiar	58.680816	-130.048204	NA
427	Cassiar	58.405924	-129.955389	NA
428	Cassiar	58.40697	-129.958371	NA
429	Cassiar	58.144753	-129.873521	NA
430	Cassiar	58.145547	-129.873829	NA
431	Cassiar	58.012845	-130.006331	NA
432	Cassiar	58.013137	-130.00476	NA
433	Cassiar	57.774576	-129.963963	NA
434	Cassiar	57.774132	-129.964505	NA
435	Cassiar	57.51605	-130.201921	NA
436	Cassiar	57.516306	-130.204416	NA
437	Cassiar	57.256976	-130.248231	NA
438	Cassiar	57.257893	-130.248477	NA
439	Cassiar	56.968113	-130.248254	NA
440	Cassiar	56.966235	-130.247563	NA
441	Cassiar	56.779515	-129.951768	NA
442	Cassiar	56.77906	-129.951382	NA
443	Cassiar	56.625448	-129.677487	NA
444	Cassiar	56.624575	-129.676275	NA
445	Cassiar	56.626325	-129.676518	NA
446	Cassiar	56.513968	-129.476645	NA
447	Cassiar	56.514263	-129.478085	NA
448	Cassiar	56.514931	-129.47828	NA
450	Cassiar	56.349809	-129.282933	NA
451	Cassiar	56.350689	-129.28389	NA
452	Cassiar	56.208764	-129.335816	NA
453	Cassiar	56.209344	-129.33631	NA
454	Cassiar	56.210286	-129.336971	NA
455	Cassiar	56.078079	-129.274693	NA
456	Cassiar	56.078743	-129.274553	NA
457	Cassiar	55.902365	-129.026163	NA
458	Cassiar	55.902865	-129.025932	NA
459	Cassiar	55.902284	-129.024228	NA
460	Cassiar	55.752429	-128.844154	NA
461	Cassiar	55.751946	-128.843641	NA
462	Cassiar	55.753121	-128.844771	NA
463	Cassiar	55.610017	-128.621328	NA
464	Cassiar	55.610121	-128.620444	NA
465	Cassiar	55.609574	-128.621215	NA
467	Cassiar	55.498139	-128.272548	NA
468	Cassiar	55.323475	-128.088884	NA
469	Cassiar	55.324941	-128.089761	NA
470	Cassiar	55.325174	-128.090491	NA
471	Cassiar	55.142152	-128.004351	NA
472	Cassiar	55.142395	-128.003577	NA
474	Cassiar	55.000436	-128.338509	NA
475	Cassiar	55.000749	-128.337407	NA
476	Cassiar	54.578511	-128.417628	NA
477	Cassiar	54.57795	-128.418217	NA
478	Cassiar	54.402793	-129.032545	NA
479	Cassiar	54.403	-129.031303	NA
501	Jasper	49.22646	-122.79321	15
502	Jasper	49.19769	-122.58261	6
503	Jasper	49.1267	-122.32139	20
504	Jasper	49.11415	-122.1142	2
505	Jasper	49.14843	-121.97557	4
506	Jasper	49.23906	-121.67914	48
507	Jasper	49.36902	-121.45208	27
508	Jasper	49.47752	-121.25488	374
509	Jasper	49.88572	-120.90338	813
510	Jasper	49.81451	-120.86271	966
511	Jasper	50.16352	-120.66965	624
512	Jasper	50.35316	-120.40665	757
514	Jasper	50.7216	-120.3579	339
515	Jasper	50.75116	-120.34826	340
516	Jasper	50.96136	-120.25104	358
517	Jasper	51.04097	-120.23968	356
518	Jasper	50.85875	-120.35865	389
519	Jasper	51.11479	-120.13222	362
520	Jasper	51.23744	-120.76216	382
521	Jasper	51.42735	-120.20364	388
522	Jasper	51.64974	-120.06664	415
523	Jasper	51.67816	-119.42879	574
524	Jasper	51.78546	-119.32381	613
526	Jasper	52.03868	-119.33414	676
527	Jasper	52.18911	-119.23814	700
528	Jasper	52.34846	-119.17993	685
529	Jasper	52.4914	-119.11721	756
530	Jasper	52.62546	-119.14438	888
531	Jasper	52.78735	-119.2505	782
532	Jasper	52.89194	-119.31905	790
533	Jasper	52.96674	-119.4241	757
534	Jasper	52.97518	-119.36252	800
535	Jasper	53.00777	-119.2888	800
536	Jasper	53.03135	-119.20791	897
537	Jasper	52.98765	-119.00272	1064
538	Jasper	52.93793	-118.84494	1038
540	Jasper	52.85283	-118.60795	1091
541	Jasper	52.88822	-118.47626	1126
542	Jasper	52.88331	-118.39019	1125
543	Jasper	52.86716	-118.25172	1090
545	Jasper	52.91018	-118.0593	1023
546	Jasper	53.03963	-118.09168	1007
547	Jasper	53.01801	-118.08131	1016
548	Jasper	52.97121	-118.05775	1133
549	Jasper	53.08448	-118.02885	993
550	Jasper	53.14611	-117.97692	1001
551	Jasper	53.18512	-117.96567	988
552	Jasper	53.21157	-117.86076	1000
553	Jasper	53.22689	-117.82939	1006
555	Jasper	53.34809	-117.66399	1031
556	Jasper	53.39212	-117.62142	970
557	Jasper	53.45107	-117.48962	957
558	Jasper	53.48205	-117.40993	1032
559	Jasper	53.51274	-117.29038	1108
560	Jasper	53.55305	-117.15405	1069
561	Jasper	53.53587	-117.15405	1044
562	Jasper	53.54533	-116.96053	1028
563	Jasper	53.53655	-116.86549	992
564	Jasper	53.53938	-116.81319	970
565	Jasper	53.55175	-116.78094	946
566	Jasper	53.56699	-116.71877	958
567	Jasper	53.56961	-116.65286	936
568	Jasper	53.56168	-116.58156	951
569	Jasper	53.56724	-116.48292	908
571	Jasper	53.57018	-116.31791	909
572	Jasper	53.57516	-116.22867	890
573	Jasper	53.57505	-116.13906	928
574	Jasper	53.59928	-115.9642	867
577	Jasper	53.60553	-115.30361	790
578	Jasper	53.6004	-115.13158	779
579	Jasper	53.59991	-115.02234	758
580	Jasper	53.58693	-114.86131	733
582	Jasper	53.57641	-114.54213	797
585	Jasper	53.56559	-114.22407	734
586	Jasper	53.57005	-114.14789	763
588	Jasper	53.57018	-114.02125	701
589	Jasper	53.57001	-113.96537	674
591	Jasper	55.70913	-120.12325	602
592	Jasper	55.54188	-120.05006	724
593	Jasper	55.51447	-120.02986	731
594	Jasper	55.4807	-120.00723	752
595	Jasper	55.46113	-119.90726	841
596	Jasper	55.42776	-119.82055	803
597	Jasper	55.404	-119.73707	797
600	Jasper	55.27233	-119.50598	735
601	Chilcotin	54.917507	-122.9415	702
603	Chilcotin	54.919022	-122.943297	702
604	Chilcotin	54.692033	-122.780285	690
605	Chilcotin	54.691728	-122.778421	698
606	Chilcotin	54.690704	-122.777495	692
607	Chilcotin	54.493662	-122.680893	722
608	Chilcotin	54.497832	-122.685543	715
702	Wyoming	47.4379	-121.766	274.4164
703	Wyoming	47.42599	-121.416	905.3851
704	Wyoming	47.42697	-121.418	902.8464
705	Wyoming	47.25251	-121.195	667.4233
706	Wyoming	47.24359	-121.186	668.4633
707	Wyoming	47.24556	-120.689	765.0737
708	Wyoming	47.24534	-120.688	762.4143
709	Wyoming	47.24625	-120.683	764.2844
710	Wyoming	47.46308	-120.673	600.2345
711	Wyoming	47.46224	-120.675	598.9998
712	Wyoming	47.4628	-120.672	592.3803
713	Wyoming	47.76869	-117.553	499.7942
714	Wyoming	47.76753	-117.553	492.0384
715	Wyoming	47.7652	-117.551	499.5961
716	Wyoming	48.01857	-117.367	579.1514
717	Wyoming	48.018	-117.366	582.9025
718	Wyoming	48.15919	-116.773	633.2166
719	Wyoming	48.15937	-116.774	630.2358
720	Wyoming	48.15927	-116.775	631.0356
721	Wyoming	48.25057	-116.315	627.5822
722	Wyoming	48.25003	-116.315	631.5403
723	Wyoming	48.24899	-116.313	630.0636
724	Wyoming	47.97398	-115.732	713.3386
725	Wyoming	47.97408	-115.734	713.2862
726	Wyoming	48.43877	-113.806	1015.374
729	Wyoming	48.33817	-114.013	1097.795
730	Wyoming	48.33696	-114.01	1106.756
731	Wyoming	47.93612	-113.853	944.9529
732	Wyoming	47.936	-113.851	940.5656
733	Wyoming	47.93575	-113.853	942.377
734	Wyoming	47.4154	-113.706	1297.564
735	Wyoming	47.41252	-113.713	1319.036
736	Wyoming	47.41435	-113.708	1298.932
737	Wyoming	46.98017	-113.093	1243.733
738	Wyoming	46.97928	-113.092	1245.978
739	Wyoming	46.98561	-113.103	1251.287
740	Wyoming	46.9097	-113.405	1156.743
741	Wyoming	46.90993	-113.402	1146.843
742	Wyoming	46.55509	-114.088	992.9705
743	Wyoming	46.54464	-114.091	996.131
745	Wyoming	45.644	-113.694	1906.416
746	Wyoming	45.63849	-113.683	1902.172
747	Wyoming	45.36144	-113.124	1930.854
749	Wyoming	45.6242	-110.376	1576.915
750	Wyoming	45.62318	-110.377	1572.123
751	Wyoming	45.44826	-110.194	1646.521
752	Wyoming	45.44989	-110.196	1643.391
753	Wyoming	45.45154	-110.197	1640.799
754	Wyoming	45.6966	-110.024	1405.416
755	Wyoming	45.72304	-109.996	1357.772
756	Wyoming	45.7231	-109.995	1356.501
757	Wyoming	45.62347	-109.289	1105.344
758	Wyoming	45.62307	-109.29	1100.109
759	Wyoming	45.62223	-109.29	1103.608
760	Wyoming	45.28301	-109.545	1639.945
761	Wyoming	45.2583	-109.567	1651.861
762	Wyoming	45.2592	-109.566	1662.08
763	Wyoming	45.06168	-109.402	2173.587
764	Wyoming	45.06224	-109.401	2172.886
765	Wyoming	45.06247	-109.401	2171.095
766	Wyoming	44.84187	-109.319	1358.601
767	Wyoming	44.84143	-109.317	1357.058
768	Wyoming	44.46673	-109.625	1818.407
769	Wyoming	44.45746	-109.634	1836.018
770	Wyoming	44.45853	-109.633	1827.79
771	Wyoming	44.46194	-109.631	1823.416
772	Wyoming	44.49326	-109.939	2024.677
773	Wyoming	44.49356	-109.935	2027.369
774	Wyoming	44.49346	-109.934	2025.585
775	Wyoming	44.03818	-107.506	1417.139
776	Wyoming	44.07661	-107.33	1585.784
777	Wyoming	44.07859	-107.324	1609.816
778	Wyoming	44.07898	-107.324	1618.985
779	Wyoming	44.31907	-106.942	2215.571
780	Wyoming	44.31951	-106.941	2213.231
781	Wyoming	44.321	-106.951	2235.41
782	Wyoming	44.32219	-106.95	2242.154
783	Wyoming	44.32789	-106.811	1701.499
784	Wyoming	44.32815	-106.811	1697.463
785	Wyoming	44.32862	-106.81	1697.468
786	Wyoming	44.32702	-106.815	1700.541
787	Wyoming	44.56573	-106.929	1653.007
788	Wyoming	44.558	-106.933	1706.696
789	Wyoming	44.55758	-106.934	1716.953
790	Wyoming	44.5574	-106.935	1699.403
791	Wyoming	44.18681	-106.842	1850.32
792	Wyoming	44.18662	-106.844	1859.203
793	Wyoming	44.18529	-106.846	1866.152
794	Wyoming	44.18513	-106.847	1870.915
795	Wyoming	41.25125	-105.411	2522.83
796	Wyoming	41.25121	-105.411	2524.543
797	Wyoming	41.25121	-105.41	2522
798	Wyoming	41.10165	-106.014	2298.558
799	Wyoming	41.10118	-106.013	2304.395
800	Wyoming	41.10077	-106.014	2296.061
801	Alaska	61.23524	-149.27254	NA
802	Alaska	61.23551	-149.27676	NA
803	Alaska	61.22626	-149.26791	NA
804	Alaska	61.01678	-149.73181	NA
805	Alaska	60.98438	-149.57607	NA
806	Alaska	60.93015	-149.35658	NA
807	Alaska	60.95971	-149.13847	NA
808	Alaska	60.8249	-149.12595	NA
809	Alaska	60.74907	-149.25313	NA
810	Alaska	60.79086	-149.43291	NA
811	Alaska	60.54718	-149.57655	NA
812	Alaska	60.48376	-149.95497	NA
813	Alaska	60.5252	-150.72102	NA
814	Alaska	60.48424	-150.11276	NA
815	Alaska	60.48658	-150.00342	NA
816	Alaska	60.50356	-149.43365	NA
817	Alaska	60.3262	-149.36015	NA
818	Alaska	60.19646	-149.37248	NA
819	Alaska	60.16133	-149.44756	NA
820	Alaska	60.45968	-149.36761	NA
821	Alaska	60.66487	-149.48013	NA
822	Alaska	60.82442	-148.97766	NA
823	Alaska	61.48682	-149.24858	NA
824	Alaska	61.63209	-149.11818	NA
825	Alaska	61.68204	-149.05029	NA
826	Alaska	61.71435	-148.84163	NA
827	Alaska	61.73377	-148.69745	NA
828	Alaska	61.77612	-148.48091	NA
829	Alaska	61.79673	-148.26828	NA
830	Alaska	61.79994	-148.0605	NA
831	Alaska	62.09916	-145.96916	NA
832	Alaska	62.0704	-145.43224	NA
833	Alaska	61.85137	-145.23622	NA
834	Alaska	61.77826	-145.18015	NA
835	Alaska	62.09916	-145.96916	NA
836	Alaska	61.46059	-145.12134	NA
837	Alaska	61.37778	-145.25479	NA
838	Alaska	61.2667	-145.28412	NA
839	Alaska	61.20787	-145.48305	NA
840	Alaska	61.19138	-145.59059	NA
841	Alaska	61.11232	-145.8054	NA
842	Alaska	61.10736	-145.82745	NA
843	Alaska	61.0881	-146.19768	NA
844	Alaska	61.13172	-146.29489	NA
845	Alaska	61.06131	-145.95624	NA
846	Alaska	61.08444	-145.89433	NA
847	Alaska	61.124	-145.67116	NA
848	Alaska	61.59536	-149.61664	NA
849	Alaska	61.62444	-149.79924	NA
850	Alaska	61.74405	-150.04773	NA
851	Alaska	62.00331	-150.05482	NA
852	Alaska	62.31535	-150.10736	NA
853	Alaska	62.21138	-150.07881	NA
854	Alaska	62.1362	-150.03969	NA
855	Alaska	62.41242	-150.25819	NA
856	Alaska	62.73074	-150.16884	NA
857	Alaska	62.86546	-149.86392	NA
858	Alaska	63.00018	-149.60927	NA
859	Alaska	63.21429	-149.30769	NA
860	Alaska	63.4444	-148.8517	NA
861	Alaska	63.51785	-148.80368	NA
862	Alaska	63.77456	-148.91096	NA
863	Alaska	63.87501	-149.01956	NA
864	Alaska	64.00483	-149.13629	NA
865	Alaska	64.12973	-149.24907	NA
866	Alaska	64.51695	-149.06752	NA
867	Alaska	64.52798	-149.06912	NA
868	Alaska	64.56944	-149.10625	NA
869	Alaska	64.6936	-148.83141	NA
870	Alaska	64.71474	-148.54877	NA
871	Alaska	64.75771	-148.37112	NA
872	Alaska	64.78353	-148.24019	NA
873	Alaska	64.89014	-147.93703	NA
874	Alaska	64.93593	-147.82996	NA
875	Alaska	64.86099	-147.83508	NA
876	Alaska	64.92954	-147.63025	NA
877	Alaska	64.87986	-146.96384	NA
878	Alaska	64.90609	-146.45735	NA
879	Alaska	64.99691	-146.22243	NA
880	Alaska	65.06717	-146.08461	NA
930	Chilcotin	55.1887	-119.43726	680
930.1	Chilcotin	55.1887	-119.43726	680
934	Chilcotin	55.25789	-118.42539	663
935	Chilcotin	55.25579	-118.35928	644
936	Chilcotin	55.22724	-118.25934	459
937	Chilcotin	55.21832	-118.20553	635
937.1	Chilcotin	55.21832	-118.20553	635
938	Chilcotin	55.25928	-118.48735	687
939	Chilcotin	55.21722	-117.96255	663
940	Chilcotin	55.16028	-117.81989	697
941	Chilcotin	55.1006	-117.77637	701
942	Chilcotin	55.07272	-117.68764	723
945	Chilcotin	55.45601	-117.1581	478
947	Chilcotin	55.46634	-116.95019	597
948	Chilcotin	55.42931	-116.81952	595
950	Chilcotin	55.40107	-116.08234	589
CLK-10	Indian_Head	54.216	-110.066	NA
CLK-13	Indian_Head	54.216	-110.066	NA
CLK-4	Indian_Head	54.216	-110.066	NA
CLK-5	Indian_Head	54.216	-110.066	NA
CLK-6	Indian_Head	54.216	-110.066	NA
CLK-8	Indian_Head	54.216	-110.066	NA
EDM-10	Indian_Head	53.55	-113.48	NA
EDM-11	Indian_Head	53.55	-113.48	NA
EDM-12	Indian_Head	53.55	-113.48	NA
EDM-13	Indian_Head	53.55	-113.48	NA
EDM-14	Indian_Head	53.55	-113.48	NA
EDM-15	Indian_Head	53.55	-113.48	NA
EDM-3	Indian_Head	53.55	-113.48	NA
EDM-8	Indian_Head	53.55	-113.48	NA
FTM-10	Indian_Head	56.916	-111.5	NA
FTM-12	Indian_Head	56.916	-111.5	NA
FTM-13	Indian_Head	56.916	-111.5	NA
FTM-14	Indian_Head	56.916	-111.5	NA
FTM-15	Indian_Head	56.916	-111.5	NA
FTM-1	Indian_Head	56.916	-111.5	NA
FTM-2	Indian_Head	56.916	-111.5	NA
FTM-4	Indian_Head	56.916	-111.5	NA
GPR-10	Indian_Head	54.75	-118.63	NA
GPR-12	Indian_Head	54.75	-118.63	NA
GPR-14	Indian_Head	54.75	-118.63	NA
GPR-15	Indian_Head	54.75	-118.63	NA
GPR-1	Indian_Head	54.75	-118.63	NA
GPR-4	Indian_Head	54.75	-118.63	NA
GPR-5	Indian_Head	54.75	-118.63	NA
GPR-7	Indian_Head	54.75	-118.63	NA
LAR-10	Indian_Head	54.75	-105.55	NA
LAR-12	Indian_Head	54.75	-105.55	NA
LAR-13	Indian_Head	54.75	-105.55	NA
LAR-14	Indian_Head	54.75	-105.55	NA
LAR-3	Indian_Head	54.75	-105.55	NA
LAR-6	Indian_Head	54.75	-105.55	NA
LAR-7	Indian_Head	54.75	-105.55	NA
MEL-11	Indian_Head	51.35	-102.61	NA
MEL-12	Indian_Head	51.35	-102.61	NA
MEL-13	Indian_Head	51.35	-102.61	NA
MEL-15	Indian_Head	51.35	-102.61	NA
MEL-2	Indian_Head	51.35	-102.61	NA
MEL-6	Indian_Head	51.35	-102.61	NA
MEL-7	Indian_Head	51.35	-102.61	NA
MEL-9	Indian_Head	51.35	-102.61	NA
MHCE01	Crowsnest	49.84432	-110.58009	810
MHCE03	Crowsnest	49.64656	-110.38362	1213
MHCE07	Crowsnest	49.65783	-110.2608	1271
WOL-10	Indian_Head	57.58	-103.93	NA
WOL-15	Indian_Head	57.58	-103.93	NA
WOL-1	Indian_Head	57.58	-103.93	NA
WOL-2	Indian_Head	57.58	-103.93	NA
WOL-4	Indian_Head	57.58	-103.93	NA
WOL-5	Indian_Head	57.58	-103.93	NA
WOL-7	Indian_Head	57.58	-103.93	NA
WOL-9	Indian_Head	57.58	-103.93	NA